Vertex Count: 36

Data:

-0.5 0.5 -0.5 0.305819 0.324317 0 0 -1
0.5 -0.5 -0.5 0.500061 0.645539 0 0 -1
-0.5 -0.5 -0.5 0.305819 0.645539 0 0 -1
0.5 0.5 -0.5 0.500061 0.324317 0 0 -1
0.5 -0.5 -0.5 0.500061 0.645539 0 0 -1
-0.5 0.5 -0.5 0.305819 0.324317 0 0 -1
-0.5 0.5 0.5 0.307578 0.001719 0 1 -0
0.5 0.5 -0.5 0.49735 0.320089 0 1 -0
-0.5 0.5 -0.5 0.307578 0.320089 0 1 -0
0.5 0.5 0.5 0.49735 0.001719 0 1 -0
0.5 0.5 -0.5 0.49735 0.320089 0 1 -0
-0.5 0.5 0.5 0.307578 0.001719 0 1 -0
-0.5 -0.5 0.5 0.888475 0.646017 0 0 1
0.5 0.5 0.5 0.699726 0.326692 0 0 1
-0.5 0.5 0.5 0.888475 0.326692 0 0 1
0.5 -0.5 0.5 0.699726 0.646017 0 0 1
0.5 0.5 0.5 0.699726 0.326692 0 0 1
-0.5 -0.5 0.5 0.888475 0.646017 0 0 1
-0.5 -0.5 -0.5 0.306528 0.646624 0 -1 -0
0.5 -0.5 0.5 0.500773 0.970949 0 -1 -0
-0.5 -0.5 0.5 0.306528 0.970949 0 -1 -0
0.5 -0.5 -0.5 0.500773 0.646624 0 -1 -0
0.5 -0.5 0.5 0.500773 0.970949 0 -1 -0
-0.5 -0.5 -0.5 0.306528 0.646624 0 -1 -0
0.5 0.5 -0.5 0.501877 0.324167 1 0 -0
0.5 -0.5 0.5 0.696122 0.645389 1 0 -0
0.5 -0.5 -0.5 0.501877 0.645389 1 0 -0
0.5 0.5 0.5 0.696122 0.324167 1 0 -0
0.5 -0.5 0.5 0.696122 0.645389 1 0 -0
0.5 0.5 -0.5 0.501877 0.324167 1 0 -0
-0.5 0.5 0.5 0.113867 0.325056 -1 0 -0
-0.5 -0.5 -0.5 0.300438 0.647264 -1 0 -0
-0.5 -0.5 0.5 0.113867 0.647264 -1 0 -0
-0.5 0.5 -0.5 0.300438 0.325056 -1 0 -0
-0.5 -0.5 -0.5 0.300438 0.647264 -1 0 -0
-0.5 0.5 0.5 0.113867 0.325056 -1 0 -0
